HyperCLaw-V1.1
11
phi01
phi02
phi03
phi04
phi05
phi06
phi07
phi08
phi09
phi10
phi11
3
0
2
-0.5 -0.5 -0.10000000000000001 
0.5 0.5 0.10000000000000001 
2 2 
((0,0,0) (31,31,3) (0,0,0)) ((0,0,0) (63,63,7) (0,0,0)) ((0,0,0) (127,127,15) (0,0,0)) 
0 0 0 
0.03125 0.03125 0.050000000000000003 
0.015625 0.015625 0.025000000000000001 
0.0078125 0.0078125 0.012500000000000001 
0
0
0 16 0
0
-0.5 -0.25
-0.5 -0.25
-0.10000000000000001 0.10000000000000001
0.25 0.5
-0.5 -0.25
-0.10000000000000001 0.10000000000000001
0 0.25
-0.5 -0.25
-0.10000000000000001 0.10000000000000001
-0.25 0
-0.5 -0.25
-0.10000000000000001 0.10000000000000001
-0.5 -0.25
0.25 0.5
-0.10000000000000001 0.10000000000000001
-0.5 -0.25
0 0.25
-0.10000000000000001 0.10000000000000001
-0.5 -0.25
-0.25 0
-0.10000000000000001 0.10000000000000001
0.25 0.5
0.25 0.5
-0.10000000000000001 0.10000000000000001
0.25 0.5
0 0.25
-0.10000000000000001 0.10000000000000001
0.25 0.5
-0.25 0
-0.10000000000000001 0.10000000000000001
0 0.25
0.25 0.5
-0.10000000000000001 0.10000000000000001
0 0.25
0 0.25
-0.10000000000000001 0.10000000000000001
0 0.25
-0.25 0
-0.10000000000000001 0.10000000000000001
-0.25 0
0.25 0.5
-0.10000000000000001 0.10000000000000001
-0.25 0
0 0.25
-0.10000000000000001 0.10000000000000001
-0.25 0
-0.25 0
-0.10000000000000001 0.10000000000000001
Level_0/Cell
1 25 0
0
-0.3125 -0.1875
-0.0625 0
-0.10000000000000001 0.10000000000000001
0.1875 0.3125
-0.0625 0
-0.10000000000000001 0.10000000000000001
0.0625 0.1875
-0.0625 0
-0.10000000000000001 0.10000000000000001
-0.0625 0.0625
-0.0625 0
-0.10000000000000001 0.10000000000000001
-0.1875 -0.0625
-0.0625 0
-0.10000000000000001 0.10000000000000001
-0.3125 -0.1875
0.375 0.5
-0.10000000000000001 0.10000000000000001
-0.3125 -0.1875
0.25 0.375
-0.10000000000000001 0.10000000000000001
-0.3125 -0.1875
0.125 0.25
-0.10000000000000001 0.10000000000000001
-0.3125 -0.1875
0 0.125
-0.10000000000000001 0.10000000000000001
0.1875 0.3125
0.375 0.5
-0.10000000000000001 0.10000000000000001
0.1875 0.3125
0.25 0.375
-0.10000000000000001 0.10000000000000001
0.1875 0.3125
0.125 0.25
-0.10000000000000001 0.10000000000000001
0.1875 0.3125
0 0.125
-0.10000000000000001 0.10000000000000001
0.0625 0.1875
0.375 0.5
-0.10000000000000001 0.10000000000000001
0.0625 0.1875
0.25 0.375
-0.10000000000000001 0.10000000000000001
0.0625 0.1875
0.125 0.25
-0.10000000000000001 0.10000000000000001
0.0625 0.1875
0 0.125
-0.10000000000000001 0.10000000000000001
-0.0625 0.0625
0.375 0.5
-0.10000000000000001 0.10000000000000001
-0.0625 0.0625
0.25 0.375
-0.10000000000000001 0.10000000000000001
-0.0625 0.0625
0.125 0.25
-0.10000000000000001 0.10000000000000001
-0.0625 0.0625
0 0.125
-0.10000000000000001 0.10000000000000001
-0.1875 -0.0625
0.375 0.5
-0.10000000000000001 0.10000000000000001
-0.1875 -0.0625
0.25 0.375
-0.10000000000000001 0.10000000000000001
-0.1875 -0.0625
0.125 0.25
-0.10000000000000001 0.10000000000000001
-0.1875 -0.0625
0 0.125
-0.10000000000000001 0.10000000000000001
Level_1/Cell
2 72 0
0
-0.1875 -0.125
0.0625 0.125
-0.10000000000000001 0
0.125 0.1875
0.0625 0.125
-0.10000000000000001 0
0.0625 0.125
0.0625 0.125
-0.10000000000000001 0
0 0.0625
0.0625 0.125
-0.10000000000000001 0
-0.0625 0
0.0625 0.125
-0.10000000000000001 0
-0.125 -0.0625
0.0625 0.125
-0.10000000000000001 0
-0.1875 -0.125
0.375 0.4375
-0.10000000000000001 0
-0.1875 -0.125
0.3125 0.375
-0.10000000000000001 0
-0.1875 -0.125
0.25 0.3125
-0.10000000000000001 0
-0.1875 -0.125
0.1875 0.25
-0.10000000000000001 0
-0.1875 -0.125
0.125 0.1875
-0.10000000000000001 0
0.125 0.1875
0.375 0.4375
-0.10000000000000001 0
0.125 0.1875
0.3125 0.375
-0.10000000000000001 0
0.125 0.1875
0.25 0.3125
-0.10000000000000001 0
0.125 0.1875
0.1875 0.25
-0.10000000000000001 0
0.125 0.1875
0.125 0.1875
-0.10000000000000001 0
0.0625 0.125
0.375 0.4375
-0.10000000000000001 0
0.0625 0.125
0.3125 0.375
-0.10000000000000001 0
0.0625 0.125
0.25 0.3125
-0.10000000000000001 0
0.0625 0.125
0.1875 0.25
-0.10000000000000001 0
0.0625 0.125
0.125 0.1875
-0.10000000000000001 0
0 0.0625
0.375 0.4375
-0.10000000000000001 0
0 0.0625
0.3125 0.375
-0.10000000000000001 0
0 0.0625
0.25 0.3125
-0.10000000000000001 0
0 0.0625
0.1875 0.25
-0.10000000000000001 0
0 0.0625
0.125 0.1875
-0.10000000000000001 0
-0.0625 0
0.375 0.4375
-0.10000000000000001 0
-0.0625 0
0.3125 0.375
-0.10000000000000001 0
-0.0625 0
0.25 0.3125
-0.10000000000000001 0
-0.0625 0
0.1875 0.25
-0.10000000000000001 0
-0.0625 0
0.125 0.1875
-0.10000000000000001 0
-0.125 -0.0625
0.375 0.4375
-0.10000000000000001 0
-0.125 -0.0625
0.3125 0.375
-0.10000000000000001 0
-0.125 -0.0625
0.25 0.3125
-0.10000000000000001 0
-0.125 -0.0625
0.1875 0.25
-0.10000000000000001 0
-0.125 -0.0625
0.125 0.1875
-0.10000000000000001 0
-0.1875 -0.125
0.0625 0.125
0 0.10000000000000001
0.125 0.1875
0.0625 0.125
0 0.10000000000000001
0.0625 0.125
0.0625 0.125
0 0.10000000000000001
0 0.0625
0.0625 0.125
0 0.10000000000000001
-0.0625 0
0.0625 0.125
0 0.10000000000000001
-0.125 -0.0625
0.0625 0.125
0 0.10000000000000001
-0.1875 -0.125
0.375 0.4375
0 0.10000000000000001
-0.1875 -0.125
0.3125 0.375
0 0.10000000000000001
-0.1875 -0.125
0.25 0.3125
0 0.10000000000000001
-0.1875 -0.125
0.1875 0.25
0 0.10000000000000001
-0.1875 -0.125
0.125 0.1875
0 0.10000000000000001
0.125 0.1875
0.375 0.4375
0 0.10000000000000001
0.125 0.1875
0.3125 0.375
0 0.10000000000000001
0.125 0.1875
0.25 0.3125
0 0.10000000000000001
0.125 0.1875
0.1875 0.25
0 0.10000000000000001
0.125 0.1875
0.125 0.1875
0 0.10000000000000001
0.0625 0.125
0.375 0.4375
0 0.10000000000000001
0.0625 0.125
0.3125 0.375
0 0.10000000000000001
0.0625 0.125
0.25 0.3125
0 0.10000000000000001
0.0625 0.125
0.1875 0.25
0 0.10000000000000001
0.0625 0.125
0.125 0.1875
0 0.10000000000000001
0 0.0625
0.375 0.4375
0 0.10000000000000001
0 0.0625
0.3125 0.375
0 0.10000000000000001
0 0.0625
0.25 0.3125
0 0.10000000000000001
0 0.0625
0.1875 0.25
0 0.10000000000000001
0 0.0625
0.125 0.1875
0 0.10000000000000001
-0.0625 0
0.375 0.4375
0 0.10000000000000001
-0.0625 0
0.3125 0.375
0 0.10000000000000001
-0.0625 0
0.25 0.3125
0 0.10000000000000001
-0.0625 0
0.1875 0.25
0 0.10000000000000001
-0.0625 0
0.125 0.1875
0 0.10000000000000001
-0.125 -0.0625
0.375 0.4375
0 0.10000000000000001
-0.125 -0.0625
0.3125 0.375
0 0.10000000000000001
-0.125 -0.0625
0.25 0.3125
0 0.10000000000000001
-0.125 -0.0625
0.1875 0.25
0 0.10000000000000001
-0.125 -0.0625
0.125 0.1875
0 0.10000000000000001
Level_2/Cell
